66 66 0
1 46 1.00000000000000
2 31 1.00000000000000
3 16 1.00000000000000
4 1 1.00000000000000
5 47 1.00000000000000
6 48 1.00000000000000
7 32 1.00000000000000
8 33 1.00000000000000
9 17 1.00000000000000
10 18 1.00000000000000
11 2 1.00000000000000
12 3 1.00000000000000
13 49 1.00000000000000
14 50 1.00000000000000
15 51 1.00000000000000
16 34 1.00000000000000
17 35 1.00000000000000
18 36 1.00000000000000
19 19 1.00000000000000
20 20 1.00000000000000
21 21 1.00000000000000
22 4 1.00000000000000
23 5 1.00000000000000
24 6 1.00000000000000
25 52 1.00000000000000
26 53 1.00000000000000
27 54 1.00000000000000
28 55 1.00000000000000
29 37 1.00000000000000
30 38 1.00000000000000
31 39 1.00000000000000
32 40 1.00000000000000
33 22 1.00000000000000
34 23 1.00000000000000
35 24 1.00000000000000
36 25 1.00000000000000
37 7 1.00000000000000
38 8 1.00000000000000
39 9 1.00000000000000
40 10 1.00000000000000
41 56 1.00000000000000
42 57 1.00000000000000
43 58 1.00000000000000
44 59 1.00000000000000
45 60 1.00000000000000
46 41 1.00000000000000
47 42 1.00000000000000
48 43 1.00000000000000
49 44 1.00000000000000
50 45 1.00000000000000
51 26 1.00000000000000
52 27 1.00000000000000
53 28 1.00000000000000
54 29 1.00000000000000
55 30 1.00000000000000
56 11 1.00000000000000
57 12 1.00000000000000
58 13 1.00000000000000
59 14 1.00000000000000
60 15 1.00000000000000
61 61 1.00000000000000
62 62 1.00000000000000
63 63 1.00000000000000
64 64 1.00000000000000
65 65 1.00000000000000
66 66 1.00000000000000
