496 496 0
1 361 1.00000000000000
2 241 1.00000000000000
3 121 1.00000000000000
4 1 1.00000000000000
5 362 1.00000000000000
6 363 1.00000000000000
7 242 1.00000000000000
8 243 1.00000000000000
9 122 1.00000000000000
10 123 1.00000000000000
11 2 1.00000000000000
12 3 1.00000000000000
13 364 1.00000000000000
14 365 1.00000000000000
15 366 1.00000000000000
16 244 1.00000000000000
17 245 1.00000000000000
18 246 1.00000000000000
19 124 1.00000000000000
20 125 1.00000000000000
21 126 1.00000000000000
22 4 1.00000000000000
23 5 1.00000000000000
24 6 1.00000000000000
25 367 1.00000000000000
26 368 1.00000000000000
27 369 1.00000000000000
28 370 1.00000000000000
29 247 1.00000000000000
30 248 1.00000000000000
31 249 1.00000000000000
32 250 1.00000000000000
33 127 1.00000000000000
34 128 1.00000000000000
35 129 1.00000000000000
36 130 1.00000000000000
37 7 1.00000000000000
38 8 1.00000000000000
39 9 1.00000000000000
40 10 1.00000000000000
41 371 1.00000000000000
42 372 1.00000000000000
43 373 1.00000000000000
44 374 1.00000000000000
45 375 1.00000000000000
46 251 1.00000000000000
47 252 1.00000000000000
48 253 1.00000000000000
49 254 1.00000000000000
50 255 1.00000000000000
51 131 1.00000000000000
52 132 1.00000000000000
53 133 1.00000000000000
54 134 1.00000000000000
55 135 1.00000000000000
56 11 1.00000000000000
57 12 1.00000000000000
58 13 1.00000000000000
59 14 1.00000000000000
60 15 1.00000000000000
61 376 1.00000000000000
62 377 1.00000000000000
63 378 1.00000000000000
64 379 1.00000000000000
65 380 1.00000000000000
66 381 1.00000000000000
67 256 1.00000000000000
68 257 1.00000000000000
69 258 1.00000000000000
70 259 1.00000000000000
71 260 1.00000000000000
72 261 1.00000000000000
73 136 1.00000000000000
74 137 1.00000000000000
75 138 1.00000000000000
76 139 1.00000000000000
77 140 1.00000000000000
78 141 1.00000000000000
79 16 1.00000000000000
80 17 1.00000000000000
81 18 1.00000000000000
82 19 1.00000000000000
83 20 1.00000000000000
84 21 1.00000000000000
85 382 1.00000000000000
86 383 1.00000000000000
87 384 1.00000000000000
88 385 1.00000000000000
89 386 1.00000000000000
90 387 1.00000000000000
91 388 1.00000000000000
92 262 1.00000000000000
93 263 1.00000000000000
94 264 1.00000000000000
95 265 1.00000000000000
96 266 1.00000000000000
97 267 1.00000000000000
98 268 1.00000000000000
99 142 1.00000000000000
100 143 1.00000000000000
101 144 1.00000000000000
102 145 1.00000000000000
103 146 1.00000000000000
104 147 1.00000000000000
105 148 1.00000000000000
106 22 1.00000000000000
107 23 1.00000000000000
108 24 1.00000000000000
109 25 1.00000000000000
110 26 1.00000000000000
111 27 1.00000000000000
112 28 1.00000000000000
113 389 1.00000000000000
114 390 1.00000000000000
115 391 1.00000000000000
116 392 1.00000000000000
117 393 1.00000000000000
118 394 1.00000000000000
119 395 1.00000000000000
120 396 1.00000000000000
121 269 1.00000000000000
122 270 1.00000000000000
123 271 1.00000000000000
124 272 1.00000000000000
125 273 1.00000000000000
126 274 1.00000000000000
127 275 1.00000000000000
128 276 1.00000000000000
129 149 1.00000000000000
130 150 1.00000000000000
131 151 1.00000000000000
132 152 1.00000000000000
133 153 1.00000000000000
134 154 1.00000000000000
135 155 1.00000000000000
136 156 1.00000000000000
137 29 1.00000000000000
138 30 1.00000000000000
139 31 1.00000000000000
140 32 1.00000000000000
141 33 1.00000000000000
142 34 1.00000000000000
143 35 1.00000000000000
144 36 1.00000000000000
145 397 1.00000000000000
146 398 1.00000000000000
147 399 1.00000000000000
148 400 1.00000000000000
149 401 1.00000000000000
150 402 1.00000000000000
151 403 1.00000000000000
152 404 1.00000000000000
153 405 1.00000000000000
154 277 1.00000000000000
155 278 1.00000000000000
156 279 1.00000000000000
157 280 1.00000000000000
158 281 1.00000000000000
159 282 1.00000000000000
160 283 1.00000000000000
161 284 1.00000000000000
162 285 1.00000000000000
163 157 1.00000000000000
164 158 1.00000000000000
165 159 1.00000000000000
166 160 1.00000000000000
167 161 1.00000000000000
168 162 1.00000000000000
169 163 1.00000000000000
170 164 1.00000000000000
171 165 1.00000000000000
172 37 1.00000000000000
173 38 1.00000000000000
174 39 1.00000000000000
175 40 1.00000000000000
176 41 1.00000000000000
177 42 1.00000000000000
178 43 1.00000000000000
179 44 1.00000000000000
180 45 1.00000000000000
181 406 1.00000000000000
182 407 1.00000000000000
183 408 1.00000000000000
184 409 1.00000000000000
185 410 1.00000000000000
186 411 1.00000000000000
187 412 1.00000000000000
188 413 1.00000000000000
189 414 1.00000000000000
190 415 1.00000000000000
191 286 1.00000000000000
192 287 1.00000000000000
193 288 1.00000000000000
194 289 1.00000000000000
195 290 1.00000000000000
196 291 1.00000000000000
197 292 1.00000000000000
198 293 1.00000000000000
199 294 1.00000000000000
200 295 1.00000000000000
201 166 1.00000000000000
202 167 1.00000000000000
203 168 1.00000000000000
204 169 1.00000000000000
205 170 1.00000000000000
206 171 1.00000000000000
207 172 1.00000000000000
208 173 1.00000000000000
209 174 1.00000000000000
210 175 1.00000000000000
211 46 1.00000000000000
212 47 1.00000000000000
213 48 1.00000000000000
214 49 1.00000000000000
215 50 1.00000000000000
216 51 1.00000000000000
217 52 1.00000000000000
218 53 1.00000000000000
219 54 1.00000000000000
220 55 1.00000000000000
221 416 1.00000000000000
222 417 1.00000000000000
223 418 1.00000000000000
224 419 1.00000000000000
225 420 1.00000000000000
226 421 1.00000000000000
227 422 1.00000000000000
228 423 1.00000000000000
229 424 1.00000000000000
230 425 1.00000000000000
231 426 1.00000000000000
232 296 1.00000000000000
233 297 1.00000000000000
234 298 1.00000000000000
235 299 1.00000000000000
236 300 1.00000000000000
237 301 1.00000000000000
238 302 1.00000000000000
239 303 1.00000000000000
240 304 1.00000000000000
241 305 1.00000000000000
242 306 1.00000000000000
243 176 1.00000000000000
244 177 1.00000000000000
245 178 1.00000000000000
246 179 1.00000000000000
247 180 1.00000000000000
248 181 1.00000000000000
249 182 1.00000000000000
250 183 1.00000000000000
251 184 1.00000000000000
252 185 1.00000000000000
253 186 1.00000000000000
254 56 1.00000000000000
255 57 1.00000000000000
256 58 1.00000000000000
257 59 1.00000000000000
258 60 1.00000000000000
259 61 1.00000000000000
260 62 1.00000000000000
261 63 1.00000000000000
262 64 1.00000000000000
263 65 1.00000000000000
264 66 1.00000000000000
265 427 1.00000000000000
266 428 1.00000000000000
267 429 1.00000000000000
268 430 1.00000000000000
269 431 1.00000000000000
270 432 1.00000000000000
271 433 1.00000000000000
272 434 1.00000000000000
273 435 1.00000000000000
274 436 1.00000000000000
275 437 1.00000000000000
276 438 1.00000000000000
277 307 1.00000000000000
278 308 1.00000000000000
279 309 1.00000000000000
280 310 1.00000000000000
281 311 1.00000000000000
282 312 1.00000000000000
283 313 1.00000000000000
284 314 1.00000000000000
285 315 1.00000000000000
286 316 1.00000000000000
287 317 1.00000000000000
288 318 1.00000000000000
289 187 1.00000000000000
290 188 1.00000000000000
291 189 1.00000000000000
292 190 1.00000000000000
293 191 1.00000000000000
294 192 1.00000000000000
295 193 1.00000000000000
296 194 1.00000000000000
297 195 1.00000000000000
298 196 1.00000000000000
299 197 1.00000000000000
300 198 1.00000000000000
301 67 1.00000000000000
302 68 1.00000000000000
303 69 1.00000000000000
304 70 1.00000000000000
305 71 1.00000000000000
306 72 1.00000000000000
307 73 1.00000000000000
308 74 1.00000000000000
309 75 1.00000000000000
310 76 1.00000000000000
311 77 1.00000000000000
312 78 1.00000000000000
313 439 1.00000000000000
314 440 1.00000000000000
315 441 1.00000000000000
316 442 1.00000000000000
317 443 1.00000000000000
318 444 1.00000000000000
319 445 1.00000000000000
320 446 1.00000000000000
321 447 1.00000000000000
322 448 1.00000000000000
323 449 1.00000000000000
324 450 1.00000000000000
325 451 1.00000000000000
326 319 1.00000000000000
327 320 1.00000000000000
328 321 1.00000000000000
329 322 1.00000000000000
330 323 1.00000000000000
331 324 1.00000000000000
332 325 1.00000000000000
333 326 1.00000000000000
334 327 1.00000000000000
335 328 1.00000000000000
336 329 1.00000000000000
337 330 1.00000000000000
338 331 1.00000000000000
339 199 1.00000000000000
340 200 1.00000000000000
341 201 1.00000000000000
342 202 1.00000000000000
343 203 1.00000000000000
344 204 1.00000000000000
345 205 1.00000000000000
346 206 1.00000000000000
347 207 1.00000000000000
348 208 1.00000000000000
349 209 1.00000000000000
350 210 1.00000000000000
351 211 1.00000000000000
352 79 1.00000000000000
353 80 1.00000000000000
354 81 1.00000000000000
355 82 1.00000000000000
356 83 1.00000000000000
357 84 1.00000000000000
358 85 1.00000000000000
359 86 1.00000000000000
360 87 1.00000000000000
361 88 1.00000000000000
362 89 1.00000000000000
363 90 1.00000000000000
364 91 1.00000000000000
365 452 1.00000000000000
366 453 1.00000000000000
367 454 1.00000000000000
368 455 1.00000000000000
369 456 1.00000000000000
370 457 1.00000000000000
371 458 1.00000000000000
372 459 1.00000000000000
373 460 1.00000000000000
374 461 1.00000000000000
375 462 1.00000000000000
376 463 1.00000000000000
377 464 1.00000000000000
378 465 1.00000000000000
379 332 1.00000000000000
380 333 1.00000000000000
381 334 1.00000000000000
382 335 1.00000000000000
383 336 1.00000000000000
384 337 1.00000000000000
385 338 1.00000000000000
386 339 1.00000000000000
387 340 1.00000000000000
388 341 1.00000000000000
389 342 1.00000000000000
390 343 1.00000000000000
391 344 1.00000000000000
392 345 1.00000000000000
393 212 1.00000000000000
394 213 1.00000000000000
395 214 1.00000000000000
396 215 1.00000000000000
397 216 1.00000000000000
398 217 1.00000000000000
399 218 1.00000000000000
400 219 1.00000000000000
401 220 1.00000000000000
402 221 1.00000000000000
403 222 1.00000000000000
404 223 1.00000000000000
405 224 1.00000000000000
406 225 1.00000000000000
407 92 1.00000000000000
408 93 1.00000000000000
409 94 1.00000000000000
410 95 1.00000000000000
411 96 1.00000000000000
412 97 1.00000000000000
413 98 1.00000000000000
414 99 1.00000000000000
415 100 1.00000000000000
416 101 1.00000000000000
417 102 1.00000000000000
418 103 1.00000000000000
419 104 1.00000000000000
420 105 1.00000000000000
421 466 1.00000000000000
422 467 1.00000000000000
423 468 1.00000000000000
424 469 1.00000000000000
425 470 1.00000000000000
426 471 1.00000000000000
427 472 1.00000000000000
428 473 1.00000000000000
429 474 1.00000000000000
430 475 1.00000000000000
431 476 1.00000000000000
432 477 1.00000000000000
433 478 1.00000000000000
434 479 1.00000000000000
435 480 1.00000000000000
436 346 1.00000000000000
437 347 1.00000000000000
438 348 1.00000000000000
439 349 1.00000000000000
440 350 1.00000000000000
441 351 1.00000000000000
442 352 1.00000000000000
443 353 1.00000000000000
444 354 1.00000000000000
445 355 1.00000000000000
446 356 1.00000000000000
447 357 1.00000000000000
448 358 1.00000000000000
449 359 1.00000000000000
450 360 1.00000000000000
451 226 1.00000000000000
452 227 1.00000000000000
453 228 1.00000000000000
454 229 1.00000000000000
455 230 1.00000000000000
456 231 1.00000000000000
457 232 1.00000000000000
458 233 1.00000000000000
459 234 1.00000000000000
460 235 1.00000000000000
461 236 1.00000000000000
462 237 1.00000000000000
463 238 1.00000000000000
464 239 1.00000000000000
465 240 1.00000000000000
466 106 1.00000000000000
467 107 1.00000000000000
468 108 1.00000000000000
469 109 1.00000000000000
470 110 1.00000000000000
471 111 1.00000000000000
472 112 1.00000000000000
473 113 1.00000000000000
474 114 1.00000000000000
475 115 1.00000000000000
476 116 1.00000000000000
477 117 1.00000000000000
478 118 1.00000000000000
479 119 1.00000000000000
480 120 1.00000000000000
481 481 1.00000000000000
482 482 1.00000000000000
483 483 1.00000000000000
484 484 1.00000000000000
485 485 1.00000000000000
486 486 1.00000000000000
487 487 1.00000000000000
488 488 1.00000000000000
489 489 1.00000000000000
490 490 1.00000000000000
491 491 1.00000000000000
492 492 1.00000000000000
493 493 1.00000000000000
494 494 1.00000000000000
495 495 1.00000000000000
496 496 1.00000000000000
