231 231 0
1 166 1.00000000000000
2 111 1.00000000000000
3 56 1.00000000000000
4 1 1.00000000000000
5 167 1.00000000000000
6 168 1.00000000000000
7 112 1.00000000000000
8 113 1.00000000000000
9 57 1.00000000000000
10 58 1.00000000000000
11 2 1.00000000000000
12 3 1.00000000000000
13 169 1.00000000000000
14 170 1.00000000000000
15 171 1.00000000000000
16 114 1.00000000000000
17 115 1.00000000000000
18 116 1.00000000000000
19 59 1.00000000000000
20 60 1.00000000000000
21 61 1.00000000000000
22 4 1.00000000000000
23 5 1.00000000000000
24 6 1.00000000000000
25 172 1.00000000000000
26 173 1.00000000000000
27 174 1.00000000000000
28 175 1.00000000000000
29 117 1.00000000000000
30 118 1.00000000000000
31 119 1.00000000000000
32 120 1.00000000000000
33 62 1.00000000000000
34 63 1.00000000000000
35 64 1.00000000000000
36 65 1.00000000000000
37 7 1.00000000000000
38 8 1.00000000000000
39 9 1.00000000000000
40 10 1.00000000000000
41 176 1.00000000000000
42 177 1.00000000000000
43 178 1.00000000000000
44 179 1.00000000000000
45 180 1.00000000000000
46 121 1.00000000000000
47 122 1.00000000000000
48 123 1.00000000000000
49 124 1.00000000000000
50 125 1.00000000000000
51 66 1.00000000000000
52 67 1.00000000000000
53 68 1.00000000000000
54 69 1.00000000000000
55 70 1.00000000000000
56 11 1.00000000000000
57 12 1.00000000000000
58 13 1.00000000000000
59 14 1.00000000000000
60 15 1.00000000000000
61 181 1.00000000000000
62 182 1.00000000000000
63 183 1.00000000000000
64 184 1.00000000000000
65 185 1.00000000000000
66 186 1.00000000000000
67 126 1.00000000000000
68 127 1.00000000000000
69 128 1.00000000000000
70 129 1.00000000000000
71 130 1.00000000000000
72 131 1.00000000000000
73 71 1.00000000000000
74 72 1.00000000000000
75 73 1.00000000000000
76 74 1.00000000000000
77 75 1.00000000000000
78 76 1.00000000000000
79 16 1.00000000000000
80 17 1.00000000000000
81 18 1.00000000000000
82 19 1.00000000000000
83 20 1.00000000000000
84 21 1.00000000000000
85 187 1.00000000000000
86 188 1.00000000000000
87 189 1.00000000000000
88 190 1.00000000000000
89 191 1.00000000000000
90 192 1.00000000000000
91 193 1.00000000000000
92 132 1.00000000000000
93 133 1.00000000000000
94 134 1.00000000000000
95 135 1.00000000000000
96 136 1.00000000000000
97 137 1.00000000000000
98 138 1.00000000000000
99 77 1.00000000000000
100 78 1.00000000000000
101 79 1.00000000000000
102 80 1.00000000000000
103 81 1.00000000000000
104 82 1.00000000000000
105 83 1.00000000000000
106 22 1.00000000000000
107 23 1.00000000000000
108 24 1.00000000000000
109 25 1.00000000000000
110 26 1.00000000000000
111 27 1.00000000000000
112 28 1.00000000000000
113 194 1.00000000000000
114 195 1.00000000000000
115 196 1.00000000000000
116 197 1.00000000000000
117 198 1.00000000000000
118 199 1.00000000000000
119 200 1.00000000000000
120 201 1.00000000000000
121 139 1.00000000000000
122 140 1.00000000000000
123 141 1.00000000000000
124 142 1.00000000000000
125 143 1.00000000000000
126 144 1.00000000000000
127 145 1.00000000000000
128 146 1.00000000000000
129 84 1.00000000000000
130 85 1.00000000000000
131 86 1.00000000000000
132 87 1.00000000000000
133 88 1.00000000000000
134 89 1.00000000000000
135 90 1.00000000000000
136 91 1.00000000000000
137 29 1.00000000000000
138 30 1.00000000000000
139 31 1.00000000000000
140 32 1.00000000000000
141 33 1.00000000000000
142 34 1.00000000000000
143 35 1.00000000000000
144 36 1.00000000000000
145 202 1.00000000000000
146 203 1.00000000000000
147 204 1.00000000000000
148 205 1.00000000000000
149 206 1.00000000000000
150 207 1.00000000000000
151 208 1.00000000000000
152 209 1.00000000000000
153 210 1.00000000000000
154 147 1.00000000000000
155 148 1.00000000000000
156 149 1.00000000000000
157 150 1.00000000000000
158 151 1.00000000000000
159 152 1.00000000000000
160 153 1.00000000000000
161 154 1.00000000000000
162 155 1.00000000000000
163 92 1.00000000000000
164 93 1.00000000000000
165 94 1.00000000000000
166 95 1.00000000000000
167 96 1.00000000000000
168 97 1.00000000000000
169 98 1.00000000000000
170 99 1.00000000000000
171 100 1.00000000000000
172 37 1.00000000000000
173 38 1.00000000000000
174 39 1.00000000000000
175 40 1.00000000000000
176 41 1.00000000000000
177 42 1.00000000000000
178 43 1.00000000000000
179 44 1.00000000000000
180 45 1.00000000000000
181 211 1.00000000000000
182 212 1.00000000000000
183 213 1.00000000000000
184 214 1.00000000000000
185 215 1.00000000000000
186 216 1.00000000000000
187 217 1.00000000000000
188 218 1.00000000000000
189 219 1.00000000000000
190 220 1.00000000000000
191 156 1.00000000000000
192 157 1.00000000000000
193 158 1.00000000000000
194 159 1.00000000000000
195 160 1.00000000000000
196 161 1.00000000000000
197 162 1.00000000000000
198 163 1.00000000000000
199 164 1.00000000000000
200 165 1.00000000000000
201 101 1.00000000000000
202 102 1.00000000000000
203 103 1.00000000000000
204 104 1.00000000000000
205 105 1.00000000000000
206 106 1.00000000000000
207 107 1.00000000000000
208 108 1.00000000000000
209 109 1.00000000000000
210 110 1.00000000000000
211 46 1.00000000000000
212 47 1.00000000000000
213 48 1.00000000000000
214 49 1.00000000000000
215 50 1.00000000000000
216 51 1.00000000000000
217 52 1.00000000000000
218 53 1.00000000000000
219 54 1.00000000000000
220 55 1.00000000000000
221 221 1.00000000000000
222 222 1.00000000000000
223 223 1.00000000000000
224 224 1.00000000000000
225 225 1.00000000000000
226 226 1.00000000000000
227 227 1.00000000000000
228 228 1.00000000000000
229 229 1.00000000000000
230 230 1.00000000000000
231 231 1.00000000000000
