66 66 0
1 4 1.00000000000000
2 11 1.00000000000000
3 12 1.00000000000000
4 22 1.00000000000000
5 23 1.00000000000000
6 24 1.00000000000000
7 37 1.00000000000000
8 38 1.00000000000000
9 39 1.00000000000000
10 40 1.00000000000000
11 56 1.00000000000000
12 57 1.00000000000000
13 58 1.00000000000000
14 59 1.00000000000000
15 60 1.00000000000000
16 3 1.00000000000000
17 9 1.00000000000000
18 10 1.00000000000000
19 19 1.00000000000000
20 20 1.00000000000000
21 21 1.00000000000000
22 33 1.00000000000000
23 34 1.00000000000000
24 35 1.00000000000000
25 36 1.00000000000000
26 51 1.00000000000000
27 52 1.00000000000000
28 53 1.00000000000000
29 54 1.00000000000000
30 55 1.00000000000000
31 2 1.00000000000000
32 7 1.00000000000000
33 8 1.00000000000000
34 16 1.00000000000000
35 17 1.00000000000000
36 18 1.00000000000000
37 29 1.00000000000000
38 30 1.00000000000000
39 31 1.00000000000000
40 32 1.00000000000000
41 46 1.00000000000000
42 47 1.00000000000000
43 48 1.00000000000000
44 49 1.00000000000000
45 50 1.00000000000000
46 1 1.00000000000000
47 5 1.00000000000000
48 6 1.00000000000000
49 13 1.00000000000000
50 14 1.00000000000000
51 15 1.00000000000000
52 25 1.00000000000000
53 26 1.00000000000000
54 27 1.00000000000000
55 28 1.00000000000000
56 41 1.00000000000000
57 42 1.00000000000000
58 43 1.00000000000000
59 44 1.00000000000000
60 45 1.00000000000000
61 61 1.00000000000000
62 62 1.00000000000000
63 63 1.00000000000000
64 64 1.00000000000000
65 65 1.00000000000000
66 66 1.00000000000000
