231 231 0
1 4 1.00000000000000
2 11 1.00000000000000
3 12 1.00000000000000
4 22 1.00000000000000
5 23 1.00000000000000
6 24 1.00000000000000
7 37 1.00000000000000
8 38 1.00000000000000
9 39 1.00000000000000
10 40 1.00000000000000
11 56 1.00000000000000
12 57 1.00000000000000
13 58 1.00000000000000
14 59 1.00000000000000
15 60 1.00000000000000
16 79 1.00000000000000
17 80 1.00000000000000
18 81 1.00000000000000
19 82 1.00000000000000
20 83 1.00000000000000
21 84 1.00000000000000
22 106 1.00000000000000
23 107 1.00000000000000
24 108 1.00000000000000
25 109 1.00000000000000
26 110 1.00000000000000
27 111 1.00000000000000
28 112 1.00000000000000
29 137 1.00000000000000
30 138 1.00000000000000
31 139 1.00000000000000
32 140 1.00000000000000
33 141 1.00000000000000
34 142 1.00000000000000
35 143 1.00000000000000
36 144 1.00000000000000
37 172 1.00000000000000
38 173 1.00000000000000
39 174 1.00000000000000
40 175 1.00000000000000
41 176 1.00000000000000
42 177 1.00000000000000
43 178 1.00000000000000
44 179 1.00000000000000
45 180 1.00000000000000
46 211 1.00000000000000
47 212 1.00000000000000
48 213 1.00000000000000
49 214 1.00000000000000
50 215 1.00000000000000
51 216 1.00000000000000
52 217 1.00000000000000
53 218 1.00000000000000
54 219 1.00000000000000
55 220 1.00000000000000
56 3 1.00000000000000
57 9 1.00000000000000
58 10 1.00000000000000
59 19 1.00000000000000
60 20 1.00000000000000
61 21 1.00000000000000
62 33 1.00000000000000
63 34 1.00000000000000
64 35 1.00000000000000
65 36 1.00000000000000
66 51 1.00000000000000
67 52 1.00000000000000
68 53 1.00000000000000
69 54 1.00000000000000
70 55 1.00000000000000
71 73 1.00000000000000
72 74 1.00000000000000
73 75 1.00000000000000
74 76 1.00000000000000
75 77 1.00000000000000
76 78 1.00000000000000
77 99 1.00000000000000
78 100 1.00000000000000
79 101 1.00000000000000
80 102 1.00000000000000
81 103 1.00000000000000
82 104 1.00000000000000
83 105 1.00000000000000
84 129 1.00000000000000
85 130 1.00000000000000
86 131 1.00000000000000
87 132 1.00000000000000
88 133 1.00000000000000
89 134 1.00000000000000
90 135 1.00000000000000
91 136 1.00000000000000
92 163 1.00000000000000
93 164 1.00000000000000
94 165 1.00000000000000
95 166 1.00000000000000
96 167 1.00000000000000
97 168 1.00000000000000
98 169 1.00000000000000
99 170 1.00000000000000
100 171 1.00000000000000
101 201 1.00000000000000
102 202 1.00000000000000
103 203 1.00000000000000
104 204 1.00000000000000
105 205 1.00000000000000
106 206 1.00000000000000
107 207 1.00000000000000
108 208 1.00000000000000
109 209 1.00000000000000
110 210 1.00000000000000
111 2 1.00000000000000
112 7 1.00000000000000
113 8 1.00000000000000
114 16 1.00000000000000
115 17 1.00000000000000
116 18 1.00000000000000
117 29 1.00000000000000
118 30 1.00000000000000
119 31 1.00000000000000
120 32 1.00000000000000
121 46 1.00000000000000
122 47 1.00000000000000
123 48 1.00000000000000
124 49 1.00000000000000
125 50 1.00000000000000
126 67 1.00000000000000
127 68 1.00000000000000
128 69 1.00000000000000
129 70 1.00000000000000
130 71 1.00000000000000
131 72 1.00000000000000
132 92 1.00000000000000
133 93 1.00000000000000
134 94 1.00000000000000
135 95 1.00000000000000
136 96 1.00000000000000
137 97 1.00000000000000
138 98 1.00000000000000
139 121 1.00000000000000
140 122 1.00000000000000
141 123 1.00000000000000
142 124 1.00000000000000
143 125 1.00000000000000
144 126 1.00000000000000
145 127 1.00000000000000
146 128 1.00000000000000
147 154 1.00000000000000
148 155 1.00000000000000
149 156 1.00000000000000
150 157 1.00000000000000
151 158 1.00000000000000
152 159 1.00000000000000
153 160 1.00000000000000
154 161 1.00000000000000
155 162 1.00000000000000
156 191 1.00000000000000
157 192 1.00000000000000
158 193 1.00000000000000
159 194 1.00000000000000
160 195 1.00000000000000
161 196 1.00000000000000
162 197 1.00000000000000
163 198 1.00000000000000
164 199 1.00000000000000
165 200 1.00000000000000
166 1 1.00000000000000
167 5 1.00000000000000
168 6 1.00000000000000
169 13 1.00000000000000
170 14 1.00000000000000
171 15 1.00000000000000
172 25 1.00000000000000
173 26 1.00000000000000
174 27 1.00000000000000
175 28 1.00000000000000
176 41 1.00000000000000
177 42 1.00000000000000
178 43 1.00000000000000
179 44 1.00000000000000
180 45 1.00000000000000
181 61 1.00000000000000
182 62 1.00000000000000
183 63 1.00000000000000
184 64 1.00000000000000
185 65 1.00000000000000
186 66 1.00000000000000
187 85 1.00000000000000
188 86 1.00000000000000
189 87 1.00000000000000
190 88 1.00000000000000
191 89 1.00000000000000
192 90 1.00000000000000
193 91 1.00000000000000
194 113 1.00000000000000
195 114 1.00000000000000
196 115 1.00000000000000
197 116 1.00000000000000
198 117 1.00000000000000
199 118 1.00000000000000
200 119 1.00000000000000
201 120 1.00000000000000
202 145 1.00000000000000
203 146 1.00000000000000
204 147 1.00000000000000
205 148 1.00000000000000
206 149 1.00000000000000
207 150 1.00000000000000
208 151 1.00000000000000
209 152 1.00000000000000
210 153 1.00000000000000
211 181 1.00000000000000
212 182 1.00000000000000
213 183 1.00000000000000
214 184 1.00000000000000
215 185 1.00000000000000
216 186 1.00000000000000
217 187 1.00000000000000
218 188 1.00000000000000
219 189 1.00000000000000
220 190 1.00000000000000
221 221 1.00000000000000
222 222 1.00000000000000
223 223 1.00000000000000
224 224 1.00000000000000
225 225 1.00000000000000
226 226 1.00000000000000
227 227 1.00000000000000
228 228 1.00000000000000
229 229 1.00000000000000
230 230 1.00000000000000
231 231 1.00000000000000
